9788408176000
9788408176001
9788408176002
9788408176003
9788408176004
9788408176005
9788408176006
9788408176007
9788408176008
9788408176009
9788408176010
9788408176011
9788408176012
9788408176013
9788408176014
9788408176015
9788408176016
9788408176017
9788408176018
9788408176019
9788408176020
9788408176021
9788408176022
9788408176023
9788408176024
9788408176025
9788408176026
9788408176027
9788408176028
9788408176029
9788408176030
9788408176031
9788408176032
9788408176033
9788408176034
9788408176035
9788408176036
9788408176037
9788408176038
9788408176039
9788408176040
9788408176041
9788408176042
9788408176043
9788408176044
9788408176045
9788408176046
9788408176047
9788408176048
9788408176049
9788408176050
9788408176051
9788408176052
9788408176053
9788408176054
9788408176055
9788408176056
9788408176057
9788408176058
9788408176059
9788408176060
9788408176061
9788408176062
9788408176063
9788408176064
9788408176065
9788408176066
9788408176067
9788408176068
